761x419

latsw: 22.75592037564069 latne: 51.454006703387115
lngsw: -131.83937118749998 lngne: -62.31788681249998
topleft: Lat: 51.454006703387115, Lng: -131.83937118749998
bottomright: Lat: 22.75592037564069, Lng: -62.31788681249998
latc: 37.1049635395139 lngc: -97.73780868749998
width: 776 height: 419
zoom: 4